09601640819
59962461634
05117328485
23086823372
12442755300
91283655691
98576984334
28286430697
34784608672
83673830872
01120936128
12497230781
24392294153
09123456833
99037971687
32649055820
01605688703
07241364015
72107480753
65615816449
12772053709
60411929100
24845521814
11026748852
76804224949
02498145877
00196554608
72694912672
93782152620
96754451068
31340635810
03367783846
01162627700
01351511637
09167349862
37143590010
76213242791
86844920806
85932280700
08937201860
06251589892
38916576091
80834361868
07966118401
00611353806
05834927700
73289272249
71724150944
10571543855
33128413991
01707073856
27167460877
44104626104
18073499851
23831537020
18180050858
97398616520
07195509710
64714276034
02965638970
05546594845
14679890886
28411390004
27639708850
21584576863
21745951253
21428308890
02782014820
57823065649
48361054715
27397515835
31046510860
40535223234
02497069034
10225141809
11963773837
85819727134
02159922889
98833847853
95643524791
02965427929
15110675864
50740270982
31714454843
21537836749
06550496659
91018188720
01740732758
68662327753
04060526975
11238552773
32040286829
44557299253
29892938844
08774784811
05905947880
95957979449
51017075972
13354462817
16746957802
06020763820
56393679972
70536821968
06676470829
02075955000
31059707896
01349967718
08482470515
18579384885
65029836187
03219956602
05412455891
08781040890
78587859749
78076234468
15640253819
48561002034
09558996726
89226410453
15244124811
04631038829
02730991832
06292358801
10047976640
22418739856
04766445856
04131469790
73365114815
11970719893
15163854895
55908586749
85928011920
11466217600
12969574896
30743523881
07905453731
01136730869
05388032744
01337594660
29486881839
38376458868
29022539822
04062420465
11430370149
05272952804
15137859826
03773008708
48320048672
01378394488
29591084854
84583584504
22740189877
82095132653
20083831991
22023399149
34865650873
10206590920
07295479732
80957919700
28339142100
11484463897
48361372091
12070321827
15459356881
08334050801
21325248827
25136755687
03226831739
71596542691
29895782772
07037556840
01470400944
38705044049
01022469800
39152464172
74099175804
04163962832
43974910700
00327204834
23720999220
22964410500
03293756956
12176825896
08115465437
25399757800
43881386653
52803899000
25088479840
62422723004
87288826872
43067271653
32223389813
13152424787
00226377024
99662035915
14082737804
70685398668
00397172915
04091348483
12356313893
14635079848
31528481291
26271355897
63635674249
58141820672
63594080668
20049749668
02563376084
70685142353
63479192734
58783857087
95384588934
00387902899
11195226764
74981765053
06188602823
80542603853
07722490832
80211046000
10057683824
25048396855
05199446665
28115813087
13939321850
08667010790
02052631941
70422257249
05769521848
26834596615
93361734800
47922117949
06356463821
13036228829
02375232992
27299208890
08672199472
80797300678
01084259672
31872093949
70748969500
01460145704
78925142520
74494287920
01514975408
09687238704
08016962670
32828685888
26593367842
83971459820
11481973703
98593250491
02225652171
51029138672
30195468856
02017547549
02603224743
08601812783
04986470809
17229056896
52102254968
47733551900
31014704120
09309385774
06460425809
01365196798
19139861600
55589820049
12140716000
00639834000
27094671865
13256915779
31989310885
12153997828
08359093792
68765533615
27213994034
71792562349
78247829800
44700555220
10433457368
65203216800
00461488760
01574995960
97597902034
72425571000
46429212653
26685704845
28310258852
03396903994
08600951852
32219002870
69305307787
02192960816
41714059472
83584218691
06831438830
03393424807
00479102244
04220702970
84647213749
07059499822
34995984852
76770478820
39901001811
41131673700
05785505630
41062990382
09726295807
31252916825
22563030803
76547191320
27050076872
02676746197
33674958830
03808348801
57880093168
07022438846
50828967504
05801633774
32469595878
71706747853
04916642813
82138737934
29380765843
42799490930
59787619734
70029482968
01094351849
05959721872
73231371104
04008346422
53976290068
99599724887
09478325809
53235355553
72707720372
00639025080
14151334840
60722401191
03996639830
01583962603
09788778291
05021607642
29707285249
20398182868
30834253844
07903513664
08070917822
58705473853
01531639925
31129286878
00047491973
04576164821
31207670855
30162588895
87048841753
31084117720
06617210867
33568057034
00924926570
96702133715
10153696850
32772652858
27985689869
15152147882
11965689876
51332701949
16155522863
06450954868
00710789912
63933772087
42349583600
71522050272
62389823815
13547986869
58987282104
04371043895
08531820006
03969986664
27382625893
17729343487
73921505372
08192477746
00794620906
06471876637
21290886865
00392683814
85926809134
95162240591
31972316869
98243314768
31661375804
16846106804
05843395421
07674010694
90514904704
70028524500
74190849391
31638538891
00130005274
87164310734
00832325830
27503041803
30914824805
57409730668
67004210472
44012160087
13477826728
41765611814
10634102826
00852562934
70028443420
16539516053
52782972472
19448421877
12433182875
87615967872
39036375487
47243104487
06643508606
06024182678
47077174468
22212906749
10259071838
12146338890
07572041639
14944230818
05350556762
21755166877
04974120808
69982031015
19028703870
05189173631
10540730742
06418252004
07776519804
18887023972
24944233841
06870362831
11553772733
69581371087
18166331861
77579755653
00504638882
11399287168
21825613826
19266224804
09229867896
03183146657
08972451487
11870681878
71536884200
02146060824
67691129572
17840096875
05246874710
70199213704
28516276864
80835538753
51698510497
22165104831
88513866768
80427154987
71538054787
04748726458
04488334415
58687637004
27888852882
24514306649
11785551000
31719089809
07378358690
16091959816
00780069960
76601510882
91865395587
09078526700
11427200807
06636439963
28190262815
11786557843
91935059815
21293862886
60166908991
10622475827
15657282892
38617179805
38997534882
03012630945
91866243500
16807569823
06188391865
04555601963
31861156391
03019801605
03721245695
08260714817
12345678909
71536620734
27720528859
82014957053
30099077884
56021844815
03810453820
01905475535
26076792817
39555716889
33204616720
00182352200
00932283926
11044721804
16908221806
90239288653
00056443641
18443762810
87707470400
44581513987
12614761826
03765698326
29022711820
09713258711
37723316968
98592750253
71443797715
14260975811
06349311647
02484443366
05106436982
07487694801
04080979908
29330486800
57066663691
11436253667
42749441153
36521440829
85782521287
44315279668
93008600115
10907701701
18949496844
18142445816
02061957889
06102332628
27741311387
47062185949
33517583839
06458590873
25990965885
01230881603
16232732855
29859269807
02983919889
96371390791
21642141291
99562154572
24864382387
30649856805
12847593853
04901663429
14307078870
30412380803
01118989864
33298204897
06522014823
50554026600
61844110800
00012562114
11456650718
07083903662
62379143153
05700585979
78008948515
07595273773
23052759434
07510051770
80595332072
53205065972
19182702870
00226845737
10420152873
03589408421
15827070220
50808710834
68733119791
11443332887
08379563743
06204007220
80121063704
03746449340
39043829854
03046808771
52374939120
46646582734
07302795886
93594453553
01964624878
03623176583
31904317871
26624817810
14041866707
21995192791
61193712734
12674755792
08832111730
29349141191
33322357880
39048905818
00047204745
53215311615
04547129797
03872617028
03617359604
92866328787
60538236191
09118982808
00787040908
51974207820
14203213827
00554954940
84402431972
26361595846
73009989091
51281767387
02716036071
00930971825
31327679809
03652257979
07547014682
01760428574
38876007890
16420891841
05643965321
06156501630
41281756687
04274346706
02566845379
29364728572
00274786532
04443805745
36542827846
03702142851
87950413620
20536700885
33433139806
15522792515
17615872855
05051125824
60348895291
80905692691
35567472862
00566569124
62369369000
94399778091
77017870115
04979093833
83968598172
15290689400
00147554594
91309590800
29931170840
10846693666
07761512744
82149062704
31477214852
12345678909
68380275853
99677776053
07925686723
61655600915
03496173840
16348536793
17516537810
41860551734
08100273723
69704481349
33833425814
17489703727
06760053575
10156550253
03176732627
44257901896
91777542634
01541479408
07696093762
60091355753
22645022820
14111455778
13930500779
69414700110
16663078747
25879493865
12699144800
14173934750
26150182649
54568030978
13544303795
04164701650
41164326104
70850860415
13011052875
86016806749
02724095880
01678722901
02838361996
12345678909
09878613798
07859864568
06589796637
87590115800
60334367336
04098446677
39110004807
24857143801
02713679389
08614811608
98325035234
99695219772
14903370836
16001890838
14797291591
11532642776
12189915775
34078190804
15474454759
11373724862
38123487649